LSTM Sentiment Classification Report:
              precision    recall  f1-score   support

           1       0.00      0.00      0.00       307
           2       0.00      0.00      0.00       199
           3       0.00      0.00      0.00       354
           4       0.00      0.00      0.00       801
           5       0.75      1.00      0.86      5084

    accuracy                           0.75      6745
   macro avg       0.15      0.20      0.17      6745
weighted avg       0.57      0.75      0.65      6745

CNN Sentiment Classification Report:
              precision    recall  f1-score   support

           1       0.40      0.02      0.04       307
           2       0.00      0.00      0.00       199
           3       0.26      0.01      0.03       354
           4       0.44      0.02      0.04       801
           5       0.76      1.00      0.86      5084

    accuracy                           0.76      6745
   macro avg       0.37      0.21      0.19      6745
weighted avg       0.66      0.76      0.66      6745

LSTM Aspect Classification Report:
              precision    recall  f1-score   support

[1, 2, 3, 4]       0.00      0.00      0.00        83
   [1, 2, 3]       0.00      0.00      0.00        60
   [1, 2, 4]       0.00      0.00      0.00       191
      [1, 2]       0.00      0.00      0.00       129
   [1, 3, 4]       0.00      0.00      0.00        14
      [1, 3]       0.00      0.00      0.00        11
      [1, 4]       0.00      0.00      0.00        68
         [1]       0.00      0.00      0.00        52
   [2, 3, 4]       0.00      0.00      0.00       354
      [2, 3]       0.00      0.00      0.00       601
      [2, 4]       0.00      0.00      0.00      1530
         [2]       0.41      1.00      0.58      2780
      [3, 4]       0.00      0.00      0.00        63
         [3]       0.00      0.00      0.00       175
         [4]       0.00      0.00      0.00       634

    accuracy                           0.41      6745
   macro avg       0.03      0.07      0.04      6745
weighted avg       0.17      0.41      0.24      6745

CNN Aspect Classification Report:
              precision    recall  f1-score   support

[1, 2, 3, 4]       1.00      0.05      0.09        83
   [1, 2, 3]       1.00      0.02      0.03        60
   [1, 2, 4]       0.68      0.23      0.34       191
      [1, 2]       0.59      0.26      0.36       129
   [1, 3, 4]       1.00      0.14      0.25        14
      [1, 3]       0.00      0.00      0.00        11
      [1, 4]       0.58      0.28      0.38        68
         [1]       0.62      0.31      0.41        52
   [2, 3, 4]       0.71      0.17      0.27       354
      [2, 3]       0.68      0.24      0.36       601
      [2, 4]       0.64      0.81      0.71      1530
         [2]       0.73      0.97      0.83      2780
      [3, 4]       0.62      0.08      0.14        63
         [3]       0.67      0.27      0.39       175
         [4]       0.70      0.59      0.64       634

    accuracy                           0.70      6745
   macro avg       0.68      0.29      0.35      6745
weighted avg       0.70      0.70      0.65      6745
