BÁO CÁO ĐÁNH GIÁ MÔ HÌNH: Multi-Output CNN
Đường dẫn mô hình: models/multi_output_cnn_model.pth
======================================================================

Subset Accuracy (Cả Aspect và Sentiment đều đúng): 0.6800

--- Báo cáo Phân loại Khía cạnh (Aspect) ---
              precision    recall  f1-score   support

[1, 2, 3, 4]       0.89      1.00      0.94        17
   [1, 2, 3]       0.58      0.58      0.58        12
   [1, 2, 4]       0.78      0.82      0.79        38
      [1, 2]       0.79      0.88      0.84        26
   [1, 3, 4]       1.00      1.00      1.00         3
      [1, 3]       0.50      0.50      0.50         2
      [1, 4]       0.85      0.79      0.81        14
         [1]       0.78      0.70      0.74        10
   [2, 3, 4]       0.86      0.93      0.89        71
      [2, 3]       0.77      0.93      0.85       120
      [2, 4]       0.88      0.94      0.91       306
         [2]       0.98      0.97      0.98       560
      [3, 4]       1.00      0.67      0.80        12
         [3]       0.92      0.34      0.50        35
         [4]       0.95      0.79      0.86       127

    accuracy                           0.91      1353
   macro avg       0.84      0.79      0.80      1353
weighted avg       0.91      0.91      0.91      1353


--- Báo cáo Phân loại Cảm xúc (Sentiment) ---
              precision    recall  f1-score   support

           1       0.45      0.30      0.36        74
           2       0.11      0.11      0.11        45
           3       0.24      0.10      0.14        78
           4       0.34      0.16      0.22       164
           5       0.82      0.95      0.89       992

    accuracy                           0.75      1353
   macro avg       0.39      0.32      0.34      1353
weighted avg       0.69      0.75      0.71      1353
